1	1	-14	1	:	0.8914	0.0648	0.0438
2	2	0	1	:	0.9214	0.0436	0.035
3	3	0	1	:	0.8363	0.0848	0.079
4	4	0	1	:	0.8432	0.0668	0.09
5	5	-14	1	:	0.8968	0.0522	0.051
6	6	0	1	:	0.8994	0.0488	0.0518
7	7	0	1	:	0.9168	0.0482	0.035
8	8	-14	1	:	0.6583	0.2082	0.1334
9	9	0	1	:	0.6761	0.1785	0.1453
10	10	0	1	:	0.9106	0.0426	0.0468
11	11	0	1	:	0.8619	0.0538	0.0842
12	12	0	1	:	0.9204	0.0446	0.035
13	13	0	1	:	0.921	0.0402	0.0388
14	14	0	1	:	0.902	0.0524	0.0456
15	15	0	1	:	0.9308	0.0332	0.036
16	16	-14	1	:	0.9072	0.048	0.0448
17	17	0	1	:	0.8498	0.0698	0.0804
18	18	0	1	:	0.9146	0.037	0.0484
19	19	0	1	:	0.8806	0.069	0.0504
20	20	-14	1	:	0.8028	0.0928	0.1044
21	21	0	1	:	0.9246	0.037	0.0384
22	22	0	1	:	0.8362	0.1182	0.0456
23	23	0	1	:	0.9146	0.046	0.0394
24	24	0	1	:	0.898	0.0648	0.0372
25	25	0	1	:	0.9092	0.0478	0.043
26	26	0	1	:	0.8806	0.0632	0.0562
27	27	0	1	:	0.8984	0.0556	0.046
28	28	0	1	:	0.8456	0.0946	0.0598
29	29	0	1	:	0.8628	0.052	0.0852
30	30	0	1	:	0.8992	0.0504	0.0504
31	31	0	1	:	0.8914	0.053	0.0556
32	32	0	1	:	0.9106	0.0404	0.049
33	33	0	1	:	0.902	0.0432	0.0548
34	34	0	1	:	0.7093	0.1914	0.0994
35	35	0	1	:	0.912	0.0524	0.0356
36	36	0	1	:	0.8794	0.0386	0.082
37	37	0	1	:	0.9214	0.0412	0.0374
38	38	0	1	:	0.8834	0.043	0.0736
39	39	0	1	:	0.8908	0.071	0.0382
40	40	0	1	:	0.8816	0.0496	0.0688
41	41	0	1	:	0.7922	0.089	0.1188
42	42	-14	1	:	0.87	0.0792	0.0508
43	43	0	1	:	0.8326	0.1064	0.061
44	44	0	2	:	0.8672	0.0636	0.0692
45	45	0	2	:	0.876	0.0446	0.0794
46	46	0	2	:	0.8378	0.0672	0.095
47	47	-14	2	:	0.8416	0.071	0.0874
48	48	0	2	:	0.8651	0.0638	0.0712
49	49	0	2	:	0.8478	0.0412	0.111
50	50	0	2	:	0.7359	0.0496	0.2144
51	51	0	2	:	0.4309	0.2677	0.3015
52	52	0	2	:	0.892	0.038	0.07
53	53	0	2	:	0.2153	0.0608	0.7239
54	54	0	2	:	0.7397	0.0908	0.1694
55	55	0	2	:	0.8462	0.0674	0.0864
56	56	0	2	:	0.7764	0.058	0.1656
57	57	0	2	:	0.8534	0.0524	0.0942
58	58	-14	2	:	0.895	0.0424	0.0626
59	59	0	2	:	0.7233	0.1204	0.1562
60	60	0	2	:	0.8343	0.0823	0.0833
61	61	0	2	:	0.8353	0.0432	0.1215
62	62	0	2	:	0.8022	0.0884	0.1094
63	63	-14	2	:	0.8212	0.0556	0.1232
64	64	0	2	:	0.6092	0.0588	0.332
65	65	0	2	:	0.8098	0.0798	0.1104
66	66	0	2	:	0.6212	0.111	0.2679
67	67	0	2	:	0.6206	0.1332	0.2462
68	68	0	2	:	0.4672	0.1528	0.38
69	69	-14	2	:	0.8022	0.076	0.1218
70	70	0	2	:	0.8998	0.0342	0.066
71	71	0	2	:	0.884	0.0356	0.0804
72	72	0	2	:	0.845	0.0666	0.0884
73	73	0	2	:	0.8762	0.0542	0.0696
74	74	0	2	:	0.8002	0.062	0.1378
75	75	0	2	:	0.8224	0.0636	0.114
76	76	0	2	:	0.784	0.1282	0.0878
77	77	0	2	:	0.5533	0.2977	0.149
78	78	0	2	:	0.6955	0.104	0.2004
79	79	0	2	:	0.8762	0.0472	0.0766
80	80	0	2	:	0.9122	0.0322	0.0556
81	81	0	2	:	0.6605	0.1858	0.1538
82	82	-14	2	:	0.7986	0.0798	0.1216
83	83	-14	2	:	0.7355	0.1124	0.152
84	84	0	2	:	0.4165	0.153	0.4305
85	85	0	3	:	0.0474	0.0616	0.891
86	86	-14	3	:	0.0386	0.055	0.9064
87	87	0	3	:	0.0528	0.2176	0.7296
88	88	0	3	:	0.0484	0.0602	0.8914
89	89	-14	3	:	0.0422	0.0748	0.883
90	90	0	3	:	0.0448	0.0732	0.882
91	91	0	3	:	0.0728	0.0792	0.848
92	92	0	3	:	0.0422	0.1082	0.8496
93	93	0	3	:	0.0522	0.0824	0.8654
94	94	0	3	:	0.0422	0.043	0.9148
95	95	0	3	:	0.0668	0.076	0.8572
96	96	0	3	:	0.0414	0.0536	0.905
97	97	-14	3	:	0.05	0.0492	0.9008
98	98	0	3	:	0.0392	0.0546	0.9062
99	99	0	3	:	0.0596	0.0572	0.8832
100	100	-14	3	:	0.0714	0.049	0.8796
101	101	0	3	:	0.0642	0.0508	0.885
102	102	0	3	:	0.0494	0.0408	0.9098
103	103	0	3	:	0.0526	0.0534	0.894
104	104	0	3	:	0.0738	0.0624	0.8638
105	105	0	3	:	0.083	0.069	0.8481
106	106	-14	3	:	0.0534	0.0654	0.8812
107	107	-14	3	:	0.046	0.0602	0.8938
108	108	0	3	:	0.0442	0.0484	0.9074
109	109	0	3	:	0.0508	0.0732	0.876
110	110	0	3	:	0.058	0.0476	0.8944
111	111	-14	3	:	0.0438	0.081	0.8752
112	112	0	3	:	0.065	0.0612	0.8738
113	113	0	3	:	0.0674	0.0602	0.8724
114	114	0	3	:	0.0468	0.0724	0.8808
115	115	0	3	:	0.0388	0.074	0.8872
116	116	0	3	:	0.0522	0.07	0.8779
117	117	0	3	:	0.0438	0.0562	0.9
118	118	0	3	:	0.0412	0.083	0.8758
119	119	0	3	:	0.0434	0.0504	0.9062
120	120	0	3	:	0.088	0.078	0.834
121	121	-14	3	:	0.0534	0.0476	0.899
122	122	0	3	:	0.0522	0.072	0.8758
123	123	0	3	:	0.057	0.0656	0.8774
124	124	0	3	:	0.0502	0.0602	0.8896
125	125	0	4	:	0.1648	0.1716	0.6635
126	126	0	4	:	0.1154	0.17	0.7147
127	127	0	4	:	0.1672	0.1244	0.7085
128	128	0	4	:	0.2056	0.1486	0.6458
129	129	0	4	:	0.0854	0.171	0.7435
130	130	0	4	:	0.1386	0.1768	0.6846
131	131	-14	4	:	0.1956	0.1668	0.6375
132	132	-14	4	:	0.0896	0.1285	0.7819
133	133	0	4	:	0.1166	0.2116	0.6717
134	134	0	4	:	0.1202	0.1064	0.7735
135	135	0	4	:	0.0968	0.1168	0.7864
136	136	0	4	:	0.127	0.1456	0.7274
137	137	-14	4	:	0.1935	0.1769	0.6297
138	138	0	4	:	0.148	0.2636	0.5884
139	139	0	4	:	0.0898	0.1096	0.8006
140	140	0	4	:	0.1314	0.161	0.7075
141	141	0	4	:	0.1044	0.1372	0.7583
142	142	0	4	:	0.1978	0.165	0.6371
143	143	-14	4	:	0.0936	0.19	0.7164
144	144	0	4	:	0.1394	0.2196	0.641
145	145	0	4	:	0.1626	0.1886	0.6488
146	146	0	4	:	0.1529	0.1551	0.6919
147	147	0	4	:	0.1134	0.1056	0.781
148	148	0	4	:	0.1708	0.1538	0.6754
149	149	0	4	:	0.245	0.148	0.6071
150	150	-14	4	:	0.2016	0.1736	0.6249
151	151	-14	4	:	0.1341	0.1655	0.7005
152	152	0	4	:	0.112	0.212	0.676
153	153	-14	4	:	0.1036	0.1118	0.7846
154	154	0	4	:	0.1256	0.2421	0.6323
155	155	0	4	:	0.0892	0.157	0.7538
156	156	0	4	:	0.0788	0.1458	0.7754
157	157	-14	4	:	0.0872	0.1962	0.7166
158	158	0	4	:	0.133	0.1114	0.7556
159	159	-28	4	:	0.1272	0.2114	0.6614
160	160	0	4	:	0.0902	0.1134	0.7964
161	161	-14	4	:	0.09	0.239	0.671
162	162	0	4	:	0.1021	0.1129	0.7849
163	163	-14	4	:	0.099	0.1261	0.7749
164	164	0	4	:	0.0804	0.2086	0.711
165	165	0	5	:	0.0398	0.1966	0.7636
166	166	0	5	:	0.018	0.1358	0.8462
167	167	0	5	:	0.0334	0.3992	0.5674
168	168	0	5	:	0.0204	0.1146	0.865
169	169	0	5	:	0.0464	0.1294	0.8242
170	170	0	5	:	0.0172	0.2943	0.6885
171	171	0	5	:	0.0526	0.2261	0.7213
172	172	0	5	:	0.0188	0.1136	0.8676
173	173	-14	5	:	0.016	0.1399	0.8441
174	174	0	5	:	0.0328	0.1532	0.814
175	175	0	5	:	0.0372	0.3165	0.6463
176	176	0	5	:	0.017	0.2943	0.6887
177	177	0	5	:	0.0166	0.1188	0.8646
178	178	0	5	:	0.0358	0.2495	0.7147
179	179	0	5	:	0.0422	0.2336	0.7242
180	180	0	5	:	0.0262	0.184	0.7898
181	181	0	5	:	0.0276	0.1512	0.8212
182	182	0	5	:	0.0114	0.0912	0.8974
183	183	0	5	:	0.0358	0.2725	0.6917
184	184	0	5	:	0.0182	0.1172	0.8646
185	185	0	5	:	0.0236	0.1786	0.7978
186	186	-14	5	:	0.0174	0.1734	0.8092
187	187	-14	5	:	0.0258	0.1184	0.8558
188	188	-14	5	:	0.0152	0.161	0.8238
189	189	0	5	:	0.0186	0.3746	0.6068
190	190	-14	5	:	0.0134	0.1126	0.874
191	191	0	5	:	0.0288	0.2778	0.6934
192	192	0	5	:	0.0162	0.1046	0.8792
193	193	0	5	:	0.0146	0.108	0.8774
194	194	0	5	:	0.0212	0.1258	0.853
195	195	0	5	:	0.0224	0.112	0.8656
196	196	0	5	:	0.0246	0.1372	0.8382
197	197	0	5	:	0.0138	0.127	0.8592
198	198	-14	5	:	0.015	0.115	0.87
199	199	0	5	:	0.1728	0.1376	0.6895
200	200	-14	5	:	0.0154	0.153	0.8316
201	201	0	5	:	0.0186	0.2126	0.7688
202	202	0	5	:	0.023	0.4344	0.5426
203	203	0	5	:	0.029	0.1654	0.8056
204	204	0	5	:	0.0468	0.1224	0.8308
205	205	0	6	:	0.0978	0.7472	0.155
206	206	0	6	:	0.088	0.6948	0.2172
207	207	0	6	:	0.0848	0.791	0.1242
208	208	0	6	:	0.1212	0.6789	0.1998
209	209	0	6	:	0.0888	0.7162	0.195
210	210	0	6	:	0.06	0.841	0.099
211	211	-14	6	:	0.1254	0.7049	0.1696
212	212	0	6	:	0.0702	0.7415	0.1883
213	213	0	6	:	0.077	0.7746	0.1484
214	214	0	6	:	0.0922	0.7226	0.1852
215	215	0	6	:	0.094	0.7696	0.1364
216	216	-14	6	:	0.115	0.7229	0.162
217	217	0	6	:	0.0688	0.697	0.2342
218	218	0	6	:	0.086	0.7369	0.1771
219	219	0	6	:	0.055	0.6757	0.2692
220	220	0	6	:	0.0676	0.7123	0.2202
221	221	0	6	:	0.1065	0.7571	0.1365
222	222	-28	6	:	0.0898	0.7552	0.155
223	223	0	6	:	0.076	0.7595	0.1645
224	224	0	6	:	0.0876	0.7211	0.1913
225	225	-14	6	:	0.0474	0.8208	0.1318
226	226	0	7	:	0.072	0.5833	0.3446
227	227	0	7	:	0.0514	0.6835	0.2652
228	228	0	7	:	0.0598	0.5298	0.4104
229	229	0	7	:	0.0532	0.7096	0.2372
230	230	0	7	:	0.1158	0.5565	0.3277
231	231	0	7	:	0.0782	0.6378	0.284
232	232	0	7	:	0.0646	0.5665	0.3689
233	233	0	7	:	0.0596	0.533	0.4074
234	234	0	7	:	0.0738	0.589	0.3371
235	235	-28	7	:	0.0592	0.5303	0.4106
236	236	0	7	:	0.0484	0.5844	0.3672
237	237	0	7	:	0.0648	0.5881	0.3471
238	238	-14	7	:	0.0532	0.5799	0.3669
239	239	0	7	:	0.0566	0.4607	0.4827
240	240	0	7	:	0.0392	0.6436	0.3171
241	241	0	7	:	0.1034	0.5938	0.3028
242	242	0	7	:	0.0378	0.6464	0.3158
243	243	0	7	:	0.0422	0.4927	0.4651
244	244	0	7	:	0.0324	0.3502	0.6174
245	245	0	7	:	0.0622	0.657	0.2808
246	246	0	7	:	0.0833	0.5831	0.3336
247	247	0	7	:	0.0584	0.654	0.2876
248	248	0	7	:	0.1042	0.5728	0.3229
249	249	0	7	:	0.0446	0.5802	0.3752
250	250	0	7	:	0.0662	0.6692	0.2646
251	251	0	7	:	0.073	0.5516	0.3754
252	252	0	7	:	0.0574	0.5711	0.3715
253	253	0	7	:	0.0502	0.5106	0.4392
254	254	0	7	:	0.054	0.6241	0.3219
255	255	0	7	:	0.0674	0.6065	0.3261
256	256	-14	7	:	0.0566	0.6043	0.3391
257	257	0	8	:	0.0302	0.9166	0.0532
258	258	0	8	:	0.0206	0.9336	0.0458
259	259	0	8	:	0.0414	0.9014	0.0572
260	260	0	8	:	0.0216	0.9186	0.0598
261	261	0	8	:	0.066	0.8576	0.0764
262	262	0	8	:	0.0188	0.909	0.0722
263	263	0	8	:	0.0336	0.8976	0.0688
264	264	0	8	:	0.0242	0.9236	0.0522
265	265	-14	8	:	0.0484	0.8736	0.078
266	266	0	8	:	0.024	0.923	0.053
267	267	0	8	:	0.0336	0.8814	0.085
268	268	0	8	:	0.0314	0.904	0.0646
269	269	0	8	:	0.0404	0.8778	0.0818
270	270	0	8	:	0.0236	0.9054	0.071
271	271	0	8	:	0.0484	0.8571	0.0944
272	272	0	8	:	0.0294	0.9224	0.0482
273	273	0	8	:	0.0522	0.8136	0.1342
274	274	0	8	:	0.0492	0.9036	0.0472
275	275	0	8	:	0.0278	0.9202	0.052
276	276	0	8	:	0.02	0.905	0.075
277	277	0	8	:	0.0242	0.9304	0.0454
278	278	0	8	:	0.0254	0.9032	0.0714
279	279	0	8	:	0.0266	0.9306	0.0428
280	280	0	8	:	0.0564	0.8556	0.088
281	281	0	8	:	0.0324	0.9024	0.0652
282	282	-28	8	:	0.0242	0.9024	0.0734
283	283	0	8	:	0.0224	0.937	0.0406
284	284	-14	8	:	0.0286	0.9254	0.046
285	285	0	8	:	0.0508	0.885	0.0642
286	286	0	8	:	0.0312	0.7758	0.193
287	287	0	8	:	0.0332	0.9176	0.0492
288	288	0	8	:	0.0348	0.9	0.0652
289	289	0	8	:	0.0324	0.8994	0.0682
290	290	0	8	:	0.0288	0.9108	0.0604
291	291	0	8	:	0.0246	0.8902	0.0852
292	292	0	8	:	0.0298	0.892	0.0782
293	293	0	8	:	0.0196	0.9186	0.0618
294	294	0	8	:	0.025	0.893	0.082
295	295	0	8	:	0.0454	0.8722	0.0824
296	296	0	8	:	0.042	0.9112	0.0468
297	297	0	9	:	0.0594	0.8104	0.1302
298	298	-14	9	:	0.1186	0.7254	0.156
299	299	0	9	:	0.0662	0.8158	0.118
300	300	0	9	:	0.0702	0.7874	0.1424
301	301	-14	9	:	0.0752	0.8233	0.1015
302	302	0	9	:	0.0902	0.797	0.1128
303	303	-14	9	:	0.065	0.799	0.136
304	304	0	9	:	0.0526	0.774	0.1734
305	305	0	9	:	0.0883	0.7348	0.1769
306	306	0	9	:	0.0608	0.8312	0.108
307	307	0	9	:	0.0556	0.8568	0.0876
308	308	0	9	:	0.0724	0.8518	0.0758
309	309	0	9	:	0.058	0.7926	0.1494
310	310	0	9	:	0.0876	0.7831	0.1292
311	311	0	9	:	0.0844	0.7738	0.1418
312	312	0	9	:	0.0732	0.8443	0.0824
313	313	0	9	:	0.0466	0.5184	0.435
314	314	0	9	:	0.0726	0.7792	0.1482
315	315	0	9	:	0.103	0.806	0.091
316	316	0	9	:	0.112	0.7736	0.1144
317	317	0	9	:	0.0528	0.8692	0.078
318	318	0	9	:	0.0606	0.7984	0.141
319	319	0	9	:	0.0492	0.8152	0.1356
320	320	-14	9	:	0.0674	0.7442	0.1884
321	321	0	9	:	0.058	0.7763	0.1657
322	322	-14	9	:	0.0644	0.833	0.1026
323	323	0	9	:	0.1674	0.7456	0.087
324	324	0	9	:	0.1198	0.7083	0.1718
325	325	0	9	:	0.081	0.7812	0.1378
326	326	0	9	:	0.2352	0.6219	0.143
327	327	0	9	:	0.1412	0.7104	0.1484
328	328	0	9	:	0.0584	0.8254	0.1162
329	329	0	9	:	0.0706	0.7267	0.2027
330	330	0	9	:	0.0814	0.7838	0.1348
331	331	0	9	:	0.0672	0.7524	0.1804
332	332	0	9	:	0.0528	0.8272	0.12
333	333	0	9	:	0.0754	0.813	0.1116
334	334	0	9	:	0.0662	0.8002	0.1336
335	335	0	9	:	0.102	0.7916	0.1064
336	336	-14	9	:	0.0424	0.7619	0.1956
337	337	0	10	:	0.0358	0.7625	0.2017
338	338	0	10	:	0.0376	0.7933	0.1691
339	339	0	10	:	0.0222	0.8004	0.1774
340	340	0	10	:	0.0214	0.8554	0.1232
341	341	0	10	:	0.028	0.7616	0.2104
342	342	0	10	:	0.0214	0.8349	0.1437
343	343	0	10	:	0.027	0.816	0.157
344	344	0	10	:	0.0374	0.8112	0.1514
345	345	0	10	:	0.0206	0.8022	0.1772
346	346	0	10	:	0.0268	0.844	0.1292
347	347	0	10	:	0.0234	0.7942	0.1824
348	348	0	10	:	0.0268	0.8456	0.1276
349	349	0	10	:	0.0584	0.7894	0.1522
350	350	0	10	:	0.0258	0.8512	0.123
351	351	0	10	:	0.0628	0.7383	0.1989
352	352	0	10	:	0.0266	0.864	0.1094
353	353	0	10	:	0.025	0.8378	0.1372
354	354	0	10	:	0.0228	0.8376	0.1396
355	355	0	10	:	0.023	0.8562	0.1208
356	356	0	10	:	0.0364	0.8412	0.1224
357	357	-14	10	:	0.0348	0.6739	0.2913
358	358	0	10	:	0.0214	0.8596	0.119
359	359	0	10	:	0.0404	0.8276	0.132
360	360	0	10	:	0.0262	0.8593	0.1145
361	361	0	10	:	0.0512	0.7299	0.2189
362	362	0	10	:	0.0324	0.84	0.1276
363	363	0	10	:	0.0238	0.8392	0.137
364	364	0	10	:	0.0304	0.8468	0.1228
365	365	-14	10	:	0.0226	0.7987	0.1787
366	366	0	10	:	0.0294	0.8432	0.1274
367	367	0	10	:	0.0222	0.867	0.1108
368	368	0	10	:	0.032	0.8342	0.1338
369	369	0	10	:	0.0238	0.8404	0.1358
370	370	0	10	:	0.0242	0.8416	0.1342
371	371	0	10	:	0.039	0.8316	0.1294
372	372	0	10	:	0.0246	0.8646	0.1108
373	373	-14	10	:	0.0398	0.8202	0.14
374	374	0	10	:	0.028	0.8366	0.1354
375	375	0	11	:	0.0846	0.8085	0.107
376	376	0	11	:	0.0482	0.9118	0.04
377	377	0	11	:	0.036	0.8962	0.0678
378	378	0	11	:	0.0446	0.9164	0.039
379	379	0	11	:	0.0334	0.918	0.0486
380	380	0	11	:	0.039	0.922	0.039
381	381	0	11	:	0.0416	0.9054	0.053
382	382	0	11	:	0.0418	0.9072	0.051
383	383	0	11	:	0.0382	0.9152	0.0466
384	384	0	11	:	0.025	0.9356	0.0394
385	385	0	11	:	0.0428	0.916	0.0412
386	386	0	11	:	0.1592	0.8	0.0408
387	387	0	12	:	0.0402	0.8932	0.0666
388	388	0	12	:	0.026	0.9416	0.0324
389	389	0	12	:	0.0238	0.7515	0.2247
390	390	0	12	:	0.053	0.843	0.104
391	391	0	12	:	0.047	0.8808	0.0722
392	392	0	12	:	0.0362	0.9284	0.0354
393	393	0	12	:	0.0326	0.9156	0.0518
394	394	0	12	:	0.0312	0.8914	0.0774
395	395	0	12	:	0.039	0.9121	0.0488
396	396	-14	12	:	0.0208	0.934	0.0452
397	397	0	12	:	0.0348	0.883	0.0822
398	398	0	12	:	0.0268	0.8602	0.113
399	399	0	12	:	0.023	0.9152	0.0618
400	400	0	12	:	0.0616	0.8926	0.0458
401	401	0	12	:	0.075	0.8792	0.0458
402	402	0	12	:	0.0322	0.8486	0.1192
403	403	0	12	:	0.0566	0.8372	0.1062
404	404	0	12	:	0.096	0.8482	0.0558
405	405	0	12	:	0.0284	0.9206	0.051
406	406	0	12	:	0.0316	0.8292	0.1392
407	407	0	12	:	0.0314	0.9196	0.049
408	408	0	12	:	0.021	0.9136	0.0654
409	409	0	12	:	0.0288	0.9114	0.0598
410	410	0	12	:	0.0216	0.9016	0.0768
411	411	0	12	:	0.0424	0.9238	0.0338
412	412	0	12	:	0.0504	0.9056	0.044
413	413	-14	12	:	0.028	0.9244	0.0476
414	414	0	12	:	0.0408	0.852	0.1072
415	415	0	12	:	0.041	0.9196	0.0394
416	416	0	12	:	0.0274	0.9156	0.057
417	417	0	12	:	0.0384	0.9272	0.0344
418	418	0	12	:	0.0164	0.926	0.0576
419	419	0	12	:	0.0272	0.8924	0.0804
420	420	0	12	:	0.0292	0.8564	0.1144
421	421	0	12	:	0.0194	0.938	0.0426
422	422	-14	12	:	0.0596	0.8706	0.0698
423	423	0	12	:	0.033	0.8575	0.1096
424	424	0	12	:	0.0206	0.9468	0.0326
425	425	0	12	:	0.0292	0.8974	0.0734
426	426	0	13	:	0.0404	0.9254	0.0342
427	427	0	13	:	0.0266	0.9414	0.032
428	428	-14	13	:	0.3084	0.663	0.0286
429	429	-14	13	:	0.0672	0.8962	0.0366
430	430	0	13	:	0.0424	0.916	0.0416
431	431	0	13	:	0.0598	0.9	0.0402
432	432	0	13	:	0.0888	0.8658	0.0454
433	433	0	13	:	0.0426	0.9304	0.027
434	434	0	13	:	0.0366	0.9362	0.0272
435	435	0	13	:	0.0576	0.9116	0.0308
436	436	0	13	:	0.0314	0.9334	0.0352
437	437	0	13	:	0.3581	0.6083	0.0336
438	438	0	13	:	0.1368	0.8166	0.0466
439	439	0	13	:	0.0304	0.9328	0.0368
440	440	0	13	:	0.0708	0.8924	0.0368
441	441	0	13	:	0.0388	0.921	0.0402
442	442	0	13	:	0.059	0.913	0.028
443	443	0	13	:	0.035	0.908	0.057
444	444	0	13	:	0.0342	0.9256	0.0402
445	445	0	13	:	0.042	0.9202	0.0378
446	446	0	13	:	0.0256	0.9222	0.0522
447	447	0	13	:	0.0386	0.8858	0.0756
448	448	0	13	:	0.0242	0.9232	0.0526
449	449	0	13	:	0.0554	0.881	0.0636
450	450	0	13	:	0.043	0.903	0.054
451	451	0	13	:	0.0836	0.8846	0.0318
452	452	0	13	:	0.0342	0.9322	0.0336
453	453	0	13	:	0.0502	0.9152	0.0346
454	454	0	13	:	0.0638	0.896	0.0402
455	455	0	13	:	0.0322	0.929	0.0388
456	456	0	13	:	0.035	0.9372	0.0278
457	457	0	13	:	0.0318	0.9372	0.031
458	458	0	13	:	0.0284	0.9416	0.03
459	459	0	13	:	0.0278	0.9368	0.0354
460	460	0	13	:	0.021	0.9544	0.0246
461	461	0	13	:	0.0238	0.938	0.0382
462	462	0	13	:	0.0382	0.919	0.0428
463	463	0	13	:	0.0474	0.842	0.1106
464	464	0	13	:	0.06	0.9052	0.0348
465	465	0	13	:	0.0238	0.9396	0.0366
466	466	0	14	:	0.0084	0.9538	0.0378
467	467	0	14	:	0.0226	0.9406	0.0368
468	468	-14	14	:	0.0094	0.9296	0.061
469	469	0	14	:	0.0106	0.9592	0.0302
470	470	0	14	:	0.0158	0.8688	0.1154
471	471	0	14	:	0.0094	0.9364	0.0542
472	472	0	14	:	0.011	0.9618	0.0272
473	473	0	14	:	0.0278	0.936	0.0362
474	474	0	14	:	0.0204	0.932	0.0476
475	475	0	14	:	0.0164	0.953	0.0306
476	476	0	14	:	0.0178	0.9246	0.0576
477	477	-14	14	:	0.011	0.9356	0.0534
478	478	0	14	:	0.0082	0.9404	0.0514
479	479	0	14	:	0.0112	0.8752	0.1136
480	480	0	14	:	0.0208	0.9448	0.0344
481	481	0	14	:	0.0104	0.9502	0.0394
482	482	0	14	:	0.0174	0.9486	0.034
483	483	0	14	:	0.0112	0.924	0.0648
484	484	-14	14	:	0.0224	0.9122	0.0654
485	485	0	14	:	0.0116	0.9564	0.032
486	486	0	14	:	0.0138	0.9502	0.036
487	487	0	14	:	0.0128	0.9314	0.0558
488	488	0	14	:	0.0152	0.9278	0.057
489	489	-14	14	:	0.0116	0.931	0.0574
490	490	-14	15	:	0.0674	0.6239	0.3087
491	491	0	15	:	0.0238	0.7266	0.2496
492	492	0	15	:	0.0828	0.5986	0.3186
493	493	0	15	:	0.0428	0.5639	0.3933
494	494	0	15	:	0.0408	0.5817	0.3775
495	495	0	15	:	0.0336	0.7481	0.2183
496	496	-14	15	:	0.0278	0.4958	0.4764
497	497	-28	15	:	0.0522	0.7165	0.2313
498	498	-14	15	:	0.0298	0.5098	0.4604
499	499	0	15	:	0.0242	0.7554	0.2204
500	500	0	15	:	0.0272	0.5808	0.392
501	501	0	15	:	0.045	0.6404	0.3147
502	502	0	15	:	0.0746	0.5898	0.3356
503	503	0	15	:	0.0272	0.6898	0.283
504	504	0	16	:	0.0114	0.0522	0.9364
505	505	-14	16	:	0.023	0.1146	0.8624
506	506	0	16	:	0.0136	0.1044	0.8821
507	507	0	16	:	0.01	0.0904	0.8996
508	508	0	16	:	0.0318	0.0986	0.8695
509	509	0	16	:	0.0238	0.0976	0.8786
510	510	0	16	:	0.0142	0.1204	0.8654
511	511	0	16	:	0.0114	0.0576	0.931
512	512	0	16	:	0.01	0.0488	0.9412
513	513	0	16	:	0.0186	0.0608	0.9206
514	514	0	16	:	0.017	0.0806	0.9024
515	515	-14	16	:	0.0128	0.074	0.9132
516	516	-14	16	:	0.0126	0.0718	0.9156
517	517	-14	17	:	0.1318	0.0794	0.7888
518	518	-14	17	:	0.091	0.0788	0.8302
519	519	0	17	:	0.1804	0.077	0.7426
520	520	0	17	:	0.1552	0.1044	0.7404
521	521	0	17	:	0.1072	0.071	0.8218
522	522	0	17	:	0.1325	0.1134	0.7541
523	523	0	17	:	0.0762	0.1358	0.788
524	524	0	17	:	0.1314	0.0848	0.7838
525	525	-14	17	:	0.1116	0.1072	0.7812
526	526	0	17	:	0.0952	0.0702	0.8346
527	527	0	17	:	0.133	0.0772	0.7898
528	528	0	17	:	0.1742	0.0982	0.7276
529	529	0	17	:	0.0952	0.081	0.8238
530	530	0	17	:	0.1366	0.087	0.7764
531	531	0	17	:	0.2257	0.095	0.6793
532	532	0	17	:	0.0882	0.0794	0.8324
533	533	-14	17	:	0.1322	0.0932	0.7746
534	534	0	17	:	0.141	0.0972	0.7619
535	535	0	17	:	0.1064	0.0986	0.795
536	536	0	17	:	0.123	0.0894	0.7876
537	537	-14	17	:	0.128	0.098	0.7741
538	538	0	17	:	0.1354	0.0906	0.774
539	539	0	17	:	0.1244	0.1074	0.7683
540	540	0	17	:	0.1196	0.1162	0.7642
541	541	0	17	:	0.0758	0.119	0.8051
542	542	0	17	:	0.0676	0.1264	0.8061
543	543	0	17	:	0.1528	0.0942	0.753
544	544	0	17	:	0.102	0.102	0.796
545	545	0	17	:	0.1656	0.0992	0.7352
546	546	0	17	:	0.0904	0.0638	0.8458
547	547	0	17	:	0.1429	0.07	0.7871
548	548	0	17	:	0.0956	0.0954	0.809
549	549	0	17	:	0.1588	0.1028	0.7385
550	550	-14	17	:	0.1254	0.0958	0.7788
551	551	0	17	:	0.1577	0.0796	0.7627
552	552	0	17	:	0.1174	0.0924	0.7902
553	553	0	17	:	0.0856	0.0762	0.8382
554	554	0	17	:	0.0964	0.0896	0.814
555	555	0	17	:	0.1062	0.0946	0.7992
556	556	0	17	:	0.1055	0.1095	0.7851
557	557	0	17	:	0.0756	0.1174	0.807
